106
1 2 1
1 5 1
1 7 5
2 3 1
2 8 2
3 9 3
3 4 1
4 10 6
5 11 1
5 6 1
6 12 1
13 14 1
14 15 2
14 19 4
16 17 1
16 18 2
17 18 4
18 19 2
20 21 3
21 22 167
22 23 5
23 24 8
25 26 1
25 28 3
26 27 2
27 28 10
27 30 2
27 31 3
27 32 4
28 31 2
28 29 1
30 31 4
30 32 1
30 33 5
32 33 1
33 34 8
35 36 3
35 37 6
35 38 6
36 37 1
36 44 12
36 37 1
37 38 3
37 40 1
39 51 1
39 45 1
39 50 7
40 41 8
40 51 2
40 39 7
40 42 9
40 43 2
40 53 8
45 49 12
45 46 6
46 47 5
46 48 3
46 52 10
52 53 3
54 55 1
55 56 3
56 57 2
57 58 3
57 59 4
59 60 1
61 62 3
62 63 84
63 64 185
63 65 24
63 66 576
67 68 151
67 69 18
67 70 261
68 69 14
69 70 151
69 72 141
71 72 621
72 73 155
72 74 111
75 76 141
75 77 1581
75 79 3668
76 77 121
76 79 4841
77 78 1815
77 79 2447
79 80 1414
81 82 1234
81 86 511
81 85 123
82 83 515
82 84 412
83 85 212
83 91 215
83 84 685
84 86 541
84 88 235
84 87 336
87 90 784
87 88 814
87 94 154
88 89 1200
88 94 51
90 92 654
90 91 321
90 93 821
93 94 958
94 95 489
96 96 54
96 103 541
97 98 574
98 99 511
100 101 51
101 102 185
102 104 1584
104 105 100
105 106 685
0
