1000
688 251 976
917 84 297
851 416 313
793 606 326
80 954 799
285 407 622
573 307 207
323 682 153
713 299 807
500 68 864
336 197 161
744 193 876
769 246 864
176 615 125
367 855 550
389 915 164
300 48 136
197 210 620
301 652 360
258 439 551
554 763 747
229 821 298
648 466 4
356 461 935
759 965 787
169 793 616
90 419 998
990 299 13
171 225 118
740 994 840
699 968 996
953 534 293
906 754 519
650 479 898
397 209 551
30 486 786
88 83 562
131 262 850
608 955 697
17 427 717
26 341 987
603 50 613
803 352 148
353 25 731
774 675 593
640 33 779
795 110 25
83 874 257
124 410 835
469 156 431
833 667 138
92 807 952
542 393 98
656 774 596
474 655 753
708 96 928
135 1 632
337 818 953
515 739 4
562 305 339
743 27 835
996 374 617
908 220 438
877 848 859
201 464 108
961 654 616
104 835 485
79 601 970
208 705 809
599 157 946
877 246 678
545 10 669
670 907 198
503 704 378
735 541 410
996 929 667
704 224 812
309 176 134
34 546 630
14 887 741
69 31 6
546 888 405
712 430 936
423 470 830
663 567 79
151 46 185
182 838 446
866 66 287
748 407 236
682 398 187
453 644 221
874 868 884
785 896 154
536 736 762
60 643 413
474 417 551
223 787 161
558 256 733
731 338 585
306 408 192
10 872 581
589 207 596
811 729 540
704 218 650
644 646 780
705 460 917
138 482 320
862 197 244
254 454 802
400 846 972
300 308 301
151 179 854
142 929 191
281 788 682
155 227 433
732 725 3
916 634 548
271 757 749
932 706 44
390 206 545
75 213 152
246 583 57
786 978 3
257 704 427
471 96 316
260 612 47
428 978 531
952 330 441
135 48 75
902 957 605
711 702 946
468 4 803
567 123 108
128 190 362
91 156 450
857 165 338
502 285 919
660 493 370
902 27 222
374 177 39
533 181 497
606 784 88
385 518 596
59 81 130
736 334 501
935 377 466
521 619 383
386 101 994
139 364 773
759 818 777
7 541 392
799 18 836
540 199 938
236 317 522
47 360 593
221 754 317
945 796 388
406 767 503
820 601 198
478 719 484
186 122 837
741 796 137
653 507 289
554 951 249
506 992 983
767 433 990
657 191 37
306 985 505
518 385 236
503 581 34
181 359 615
338 356 563
689 874 387
591 666 65
785 887 625
210 366 159
828 371 929
195 189 850
17 189 648
552 660 880
918 966 532
620 905 365
867 805 913
628 16 632
30 75 36
207 920 294
111 614 37
292 566 618
340 26 589
398 857 188
828 821 394
759 681 123
498 168 447
582 179 618
987 799 160
92 990 13
905 127 449
26 735 806
688 358 787
646 754 51
776 256 537
193 587 629
753 129 635
65 582 509
956 33 924
267 816 244
493 919 218
307 556 561
914 733 537
761 968 358
164 526 155
912 664 166
11 289 171
348 30 63
302 611 266
968 965 951
367 582 155
196 723 673
975 931 390
38 716 955
68 761 695
844 682 635
617 23 813
784 914 334
888 926 317
386 649 801
403 997 683
959 549 293
462 690 692
398 793 101
752 633 318
596 102 302
879 108 337
294 503 132
563 35 804
865 84 838
124 427 734
721 950 76
424 61 923
350 283 94
205 561 594
122 820 7
173 156 122
47 297 48
903 311 187
169 932 888
169 605 189
132 43 786
462 488 323
462 108 270
169 71 499
81 4 556
679 972 134
98 799 913
913 391 596
772 36 525
209 752 219
868 860 605
9 119 917
979 834 487
922 26 359
501 900 505
562 609 559
705 576 235
491 146 218
477 749 485
228 118 450
48 397 195
416 136 188
75 976 983
170 754 214
314 757 714
4 472 376
378 411 110
684 533 650
121 13 84
712 473 196
234 144 249
73 994 137
724 89 185
254 220 470
777 39 409
510 771 441
572 665 761
831 465 461
163 921 11
784 383 260
257 796 678
300 457 181
692 845 629
27 231 413
776 67 245
361 416 383
350 961 244
469 100 399
109 715 130
473 467 838
965 160 904
860 454 395
381 336 298
409 341 173
65 121 185
179 844 799
149 233 448
197 684 390
863 81 597
739 303 125
1 197 721
13 590 709
645 852 36
413 738 475
959 862 570
403 895 890
632 548 25
586 520 16
708 951 973
165 860 74
121 809 738
385 545 500
116 949 921
128 547 198
193 342 419
65 234 802
520 859 207
558 996 805
233 941 979
264 934 591
917 536 718
376 929 415
841 979 250
823 855 345
402 763 828
357 265 262
159 150 712
928 438 49
306 504 278
360 365 544
475 946 979
465 562 982
121 53 302
246 975 264
455 235 299
781 661 637
916 352 730
519 551 568
637 457 45
998 836 396
597 34 290
767 574 381
619 667 728
287 555 69
71 801 927
732 268 193
75 79 353
450 187 339
353 34 148
766 289 775
209 312 333
294 437 90
213 513 80
338 41 299
849 809 625
989 488 843
720 42 322
292 308 593
904 779 806
770 950 629
960 582 173
958 487 333
132 796 909
543 172 280
820 541 695
685 694 617
382 621 790
893 501 373
744 860 218
954 372 102
364 178 632
334 249 381
666 664 967
408 817 144
432 214 937
421 317 837
525 643 423
742 376 873
988 525 841
626 852 735
393 893 397
111 815 327
449 222 450
564 441 956
499 22 732
399 864 797
183 145 659
811 845 789
895 809 112
768 352 44
176 425 934
758 287 409
562 299 319
397 853 616
950 742 111
413 55 985
856 467 185
154 255 780
74 722 360
129 2 701
344 680 102
843 591 633
422 149 882
485 103 720
439 728 495
454 2 979
769 569 285
568 328 846
957 397 709
841 504 824
33 942 869
168 264 659
135 790 851
971 181 158
592 461 854
577 895 601
714 689 768
113 514 490
71 588 898
399 60 629
541 859 108
70 892 32
769 648 103
76 917 852
101 714 950
531 788 436
789 37 689
432 629 87
858 129 390
844 919 32
359 111 865
504 155 276
918 3 387
983 895 715
635 954 429
546 533 664
8 210 723
280 487 690
385 62 692
647 953 203
643 728 906
179 27 19
229 244 29
909 216 849
106 402 814
819 79 379
3 908 11
223 567 6
646 472 201
869 732 497
662 50 599
836 255 278
290 263 722
791 35 678
751 801 950
594 213 522
84 376 182
54 276 52
229 645 565
558 267 922
607 190 633
478 344 223
195 899 460
520 740 603
115 487 988
317 849 579
545 647 847
886 569 205
224 451 413
547 29 176
317 722 176
982 271 70
987 420 421
991 226 835
753 433 464
900 265 697
886 487 834
353 981 391
573 193 225
700 966 780
255 232 77
393 283 985
210 77 948
863 342 984
190 304 959
309 574 434
728 108 789
874 44 575
592 932 467
483 125 784
531 491 726
868 448 10
636 347 355
114 319 647
433 702 196
538 866 475
268 531 396
844 976 358
301 60 856
618 128 295
890 445 961
586 534 187
91 417 2
411 749 575
615 338 148
5 383 364
751 803 430
402 389 561
807 578 91
280 587 346
745 171 729
750 566 448
821 613 713
895 288 113
189 93 712
905 691 66
413 920 960
252 140 382
355 813 564
725 412 21
481 44 728
92 899 627
424 950 438
613 336 571
919 405 922
451 691 842
683 578 824
521 647 454
471 56 440
234 503 85
661 968 879
78 546 383
983 975 515
904 657 199
235 12 70
598 216 786
111 760 607
681 667 294
891 224 910
626 341 564
460 120 726
432 650 847
414 755 515
355 543 711
739 605 980
349 579 999
315 835 59
314 97 979
673 221 851
349 830 167
463 764 568
859 943 741
586 257 210
757 144 835
928 296 91
708 847 867
30 730 557
81 42 878
957 227 753
969 308 447
208 662 409
67 835 718
441 218 54
1000 95 469
424 994 216
128 977 696
224 918 716
346 528 535
16 356 568
621 287 398
982 341 443
441 926 819
889 822 656
507 946 674
689 891 222
919 247 443
650 258 795
335 736 126
805 28 754
560 695 38
381 750 274
556 421 321
235 131 437
256 861 789
114 894 366
843 307 527
600 384 226
401 449 312
691 915 326
559 86 103
756 736 277
115 67 127
67 160 304
634 403 231
267 934 69
983 52 402
628 104 190
270 541 167
510 404 839
209 130 292
931 155 373
64 871 174
804 609 273
526 850 249
314 947 223
74 827 256
913 287 772
129 25 474
997 511 540
502 819 331
633 192 383
141 855 108
116 855 271
173 829 910
133 177 748
929 104 456
710 674 34
793 522 604
989 979 509
592 924 358
591 301 768
4 134 250
626 323 710
827 645 738
739 919 274
491 753 424
79 223 156
169 363 311
344 170 444
246 807 501
679 805 525
66 345 948
208 987 680
672 570 405
356 857 997
325 524 384
964 651 216
446 877 941
232 631 714
640 60 148
585 118 51
621 173 891
874 329 502
619 583 336
656 609 943
760 210 743
839 342 148
412 752 565
954 36 133
563 342 380
809 628 123
127 92 688
704 295 344
75 381 169
439 485 242
457 89 704
656 690 398
56 502 569
408 139 875
460 513 412
405 629 701
450 504 691
771 795 192
825 960 663
637 619 872
670 538 188
959 722 334
531 326 512
828 690 4
221 425 508
652 33 8
302 573 256
981 910 295
103 668 636
272 49 978
19 238 162
152 143 161
529 917 147
832 47 752
128 546 820
774 263 68
625 447 41
540 191 749
618 792 119
158 116 217
606 427 783
32 641 997
355 635 813
450 285 254
479 981 675
570 947 165
432 910 270
52 957 359
407 991 960
52 427 830
992 9 631
307 333 851
445 158 975
130 628 916
522 724 267
927 308 34
371 227 449
49 97 926
945 806 560
875 421 329
264 146 588
835 483 919
366 230 845
379 177 951
282 113 643
358 50 110
853 195 533
550 580 177
427 672 307
876 622 576
40 761 283
832 455 596
923 806 898
671 447 905
478 401 156
657 578 700
336 341 387
547 859 743
324 95 829
45 947 445
185 828 522
933 907 138
928 702 543
252 499 533
131 318 91
547 720 20
135 657 330
363 290 66
762 194 440
194 841 800
57 609 809
752 876 955
296 366 586
935 337 993
556 918 759
65 847 312
434 641 840
105 611 851
509 418 427
790 357 706
715 583 472
621 246 504
346 465 413
100 859 656
471 924 495
870 466 311
320 45 694
33 671 50
450 522 303
942 100 675
366 434 51
31 277 952
199 246 517
988 220 622
685 290 528
210 515 394
160 786 191
952 159 302
734 238 770
254 439 578
642 808 94
594 390 819
551 561 5
747 209 368
87 74 603
751 968 348
394 877 547
247 673 270
416 559 740
950 234 882
991 959 319
767 550 925
718 751 1
190 759 502
419 514 79
265 252 612
417 709 903
575 304 662
203 139 900
199 309 480
637 933 675
176 9 105
85 793 628
161 87 369
516 385 28
633 118 816
585 114 922
304 888 568
186 586 87
830 806 580
128 33 433
819 824 611
842 74 254
429 85 962
200 197 515
602 383 466
689 897 562
11 723 16
929 936 30
929 155 668
238 779 974
604 977 200
744 128 523
873 122 635
405 867 201
773 31 419
203 554 992
637 930 88
575 374 593
176 247 42
892 710 875
446 916 452
141 162 627
501 60 566
156 217 204
777 74 982
446 304 567
653 909 669
713 885 27
497 444 280
572 713 317
912 825 561
307 16 17
236 374 861
404 329 575
294 151 713
533 770 245
932 869 349
450 722 605
733 884 449
595 288 970
571 819 893
639 497 354
528 153 140
360 857 575
216 991 211
139 137 971
359 308 460
119 846 785
958 946 733
918 768 150
793 533 823
791 685 721
899 295 333
97 621 339
908 16 325
359 890 199
556 196 810
968 161 931
486 132 925
163 642 746
349 682 275
678 304 236
822 101 198
587 375 313
253 536 400
413 693 697
557 631 642
914 537 683
320 713 470
104 933 388
727 569 534
998 512 230
296 860 84
646 939 367
464 428 716
296 35 785
939 959 173
965 242 108
486 838 883
284 859 323
346 427 822
248 334 692
127 460 107
867 918 1000
891 403 659
455 352 166
63 597 972
522 366 92
180 196 663
653 864 892
147 415 178
567 384 819
843 281 698
917 139 522
245 42 349
138 31 88
914 1000 841
102 726 265
739 924 412
106 724 736
244 400 481
195 434 644
541 297 583
469 783 614
172 539 338
495 217 499
912 578 611
933 161 296
630 680 926
91 791 832
321 365 759
590 131 481
989 44 312
817 649 975
950 876 455
521 497 726
626 913 635
107 963 183
269 85 760
40 595 470
622 335 256
297 431 764
477 267 771
200 346 831
522 791 673
631 211 708
154 820 294
549 707 342
219 67 454
125 143 313
12 945 137
127 148 786
388 141 44
513 218 644
502 457 163
830 540 696
314 599 410
841 866 447
712 413 566
72 287 311
131 411 51
250 157 852
268 650 67
579 512 535
503 236 302
265 537 476
143 42 370
699 26 508
3 846 904
700 754 256
481 173 480
314 894 53
776 757 412
773 916 389
992 497 432
259 440 304
397 200 160
188 312 422
65 244 515
646 209 483
388 861 340
17 984 640
479 27 817
720 495 113
83 272 288
642 763 393
258 193 910
814 343 128
199 76 392
931 925 328
414 909 368
26 535 332
574 350 701
884 594 72
227 806 608
278 753 457
617 658 438
319 396 861
531 90 923
200 830 380
493 169 212
405 743 11
880 328 808
870 602 574
907 693 298
24 896 384
785 273 307
67 944 390
301 365 299
532 446 671
130 398 652
181 177 847
95 868 133
370 71 924
471 341 424
259 634 478
92 141 729
446 462 812
498 841 786
654 236 379
894 523 48
143 362 763
950 430 618
893 760 19
611 546 723
289 751 571
44 938 870
763 842 612
751 849 180
986 105 210
126 99 991
237 230 808
720 977 532
195 286 194
936 122 68
414 115 158
487 862 857
4 829 475
884 530 105
661 162 730
289 216 413
658 109 757
524 844 721
213 531 721
780 139 78
229 641 682
911 921 284
541 701 370
575 822 83
605 155 745
749 265 285
934 15 709
314 16 460
432 991 497
188 82 288
736 577 444
818 761 156
235 525 629
620 946 185
762 144 675
828 207 456
81 167 783
745 117 923
704 505 608
59 838 993
138 115 419
975 558 844
360 291 529
170 35 472
314 8 126
266 57 951
325 723 993
298 945 164
840 892 654
293 437 261
12 774 765
77 173 619
35 712 644
428 995 7
186 122 910
574 820 333
610 891 69
613 217 608
427 995 604
776 813 652
805 814 920
900 616 748
64 83 79
912 585 837
143 838 940
649 446 647
590 509 793
265 815 360
344 349 907
116 244 904
929 556 800
502 397 347
438 135 408
583 536 752
547 752 122
671 604 886
930 339 851
579 23 441
771 1000 572
211 377 784
884 518 593
452 994 860
383 179 227
67 873 398
398 732 17
219 706 492
112 821 888
616 366 954
365 844 844
776 659 703
493 600 219
225 126 462
910 646 906
575 779 233
203 198 664
815 705 30
505 333 671
678 358 259
495 949 7
886 473 912
455 34 757
644 721 981
476 841 907
556 123 732
682 30 4
320 608 489
292 546 276
665 428 48
298 538 21
238 910 54
189 74 306
981 468 526
939 555 218
313 968 603
481 189 315
57 638 856
652 295 458
317 804 794
720 985 967
810 835 238
493 409 25
900 10 808
288 968 628
233 773 276
332 26 609
136 958 899
834 655 645
276 842 369
705 685 762
883 522 585
534 949 727
415 787 856
617 834 412
164 555 879
842 915 493
478 790 784
157 720 458
559 920 417
733 106 685
881 855 644
992 175 352
891 910 407
133 883 106
688 810 221
188 708 316
338 29 358
663 298 888
2 783 793
556 49 803
345 536 598
889 968 415
162 35 210
829 921 276
773 495 469
359 497 680
438 14 525
113 765 651
979 379 139
878 147 232
603 228 638
608 841 909
439 162 997
215 535 120
603 350 449
172 281 940
49 584 480
899 678 604
271 133 443
584 802 770
615 224 22
338 707 480
678 4 34
813 698 569
733 549 725
180 293 90
852 527 316
774 343 542
259 95 61
990 947 328
326 74 184
461 309 894
226 490 316
18 403 639
5 107 462
733 34 398
983 339 282
17 16 384
736 502 489
193 378 642
86 237 404
238 808 838
868 518 584
497 985 491
63 819 45
26 710 753
917 694 51
112 496 758
307 429 21
444 664 476
630 297 181
329 126 952
838 100 983
587 106 12
380 681 751
584 616 524
258 782 460
421 361 560
844 778 390
54 680 726
555 658 293
999 615 883
109 248 873
3 137 995
11 393 310
563 795 907
14 312 984
859 43 224
825 928 929
414 792 629
117 970 523
824 937 322
239 968 789
868 671 57
810 942 97
543 192 883
420 549 105
875 933 545
286 62 653
21 247 252
616 471 842
910 891 960
82 102 498
541 539 682
700 306 179
377 152 748
879 641 400
520 663 955
336 43 728
756 278 804
616 273 859
882 994 198
32 800 280
566 670 871
352 219 731
408 434 320
152 64 181
65 386 655
886 316 638
975 889 346
749 641 625
493 436 535
262 901 376
162 387 895
191 325 511
678 719 267
339 418 168
546 771 650
440 99 416
664 425 697
321 998 248
125 141 250
28 413 231
892 928 339
443 409 5
665 349 946
639 544 290
105 2 648
762 320 851
547 90 875
969 312 834
426 987 47
713 598 469
597 204 253
205 555 855
130 709 198
556 801 85
592 945 689
717 462 927
109 194 590
263 970 667
842 416 454
506 345 12
140 367 987
546 908 570
882 260 119
535 686 388
27 919 474
237 53 500
996 350 421
131 170 865
764 616 625
16 125 135
204 87 742
50 939 196
777 16 184
155 200 297
228 121 337
817 96 691
143 33 791
132 519 746
440 861 374
526 606 209
779 412 224
930 364 849
773 706 791
38 689 643
941 522 226
897 55 984
390 813 63
148 201 448
719 362 381
629 137 881
75 112 753
989 285 364
846 966 102
686 598 794
11 177 722
990 581 341
926 1 194
919 606 848
672 637 847
443 163 800
344 670 901
509 947 268
832 74 315
806 941 46
952 567 769
711 891 300
307 642 853
361 817 934
743 826 466
538 867 133
207 584 322
678 151 429
309 909 519
457 167 497
830 636 165
40 231 554
402 248 185
606 326 50
128 699 231
128 670 365
564 574 159
869 698 231
339 335 505
628 231 767
871 172 338
409 108 180
746 636 688
882 107 802
779 656 107
344 223 993
108 117 207
205 699 433
371 529 552
994 655 607
767 762 959
109 575 292
775 241 44
87 865 168
64 737 373
388 570 978
850 906 669
711 331 605
896 944 785
501 636 574
538 170 409
870 607 350
242 466 701
689 91 764
497 310 774
713 655 121
877 305 541
675 320 393
943 647 985
708 486 527
477 35 152
570 726 130
682 911 941
478 571 808
333 252 880
516 319 385
356 713 608
800 615 733
435 904 659
656 795 860
635 17 747
315 395 658
828 28 260
439 109 626
281 354 742
405 698 886
225 49 393
754 565 325
556 443 619
688 810 78
293 639 869
533 498 39
451 293 105
38 438 9
226 177 624
672 927 681
62 621 587
277 405 922
308 73 439
494 941 657
452 178 986
156 655 608
728 232 660
557 738 311
285 461 330
84 900 97
253 85 662
674 23 260
130 445 373
768 19 471
996 739 584
987 93 455
49 872 116
888 124 983
131 292 356
507 690 815
989 175 867
26 512 189
44 870 60
1 378 966
43 416 70
170 265 215
729 305 197
446 496 42
833 18 126
261 145 460
173 799 309
546 204 929
366 611 385
960 356 856
417 999 289
771 24 237
620 153 88
889 984 509
424 117 587
643 866 613
665 860 424
171 221 610
298 870 836
360 514 586
59 348 979
535 80 464
972 635 389
501 491 905
833 435 450
902 785 675
225 290 56
107 433 607
702 926 989
252 478 601
129 911 289
84 647 413
833 823 46
580 982 974
257 8 620
439 110 120
333 33 636
881 762 578
267 398 539
245 758 784
361 717 799
186 909 391
171 537 346
774 53 989
425 612 476
671 844 347
312 285 778
242 577 830
352 370 828
6 453 857
94 499 784
671 751 768
690 670 985
381 246 402
186 800 884
1 294 466
164 118 543
447 501 84
427 933 333
37 260 377
233 647 524
159 588 819
49 938 483
564 407 587
109 837 771
205 464 164
423 89 247
718 29 126
977 660 544
33 361 822
488 288 73
224 925 916
29 710 26
432 859 22
225 907 479
957 887 266
301 499 29
58 85 42
63 930 204
206 621 456
227 997 148
546 189 203
429 579 213
182 180 293
669 762 615
45 464 249
55 499 285
424 462 183
422 46 26
267 895 312
730 128 937
377 506 299
609 498 645
671 701 288
747 89 100
177 351 55
12 36 345
528 525 295
546 139 566
106 835 431
417 323 745
673 339 881
628 734 494
838 306 895
680 664 249
465 617 73
633 171 773
997 24 103
114 341 129
261 183 200
660 446 772
73 866 8
442 212 801
854 200 553
990 336 570
679 966 23
929 975 867
672 193 107
371 108 716
644 959 180
567 566 901
224 699 176
354 634 354
219 68 224
52 969 940
626 114 882
955 930 643
281 116 192
60 975 24
419 660 738
979 441 100
389 285 12
272 325 389
48 731 509
394 456 277
765 887 756
426 561 935
997 654 269
454 18 910
857 972 119
539 797 555
35 162 702
327 775 166
294 25 725
769 758 889
747 151 729
520 16 382
901 600 610
217 302 283
694 628 425
944 561 717
457 752 522
818 633 257
512 98 199
853 420 693
842 23 290
294 299 418
144 212 411
253 56 379
369 505 603
760 328 680
704 924 732
526 975 533
835 649 329
613 879 245
120 17 341
794 75 281
813 779 267
791 437 676
465 192 31
594 742 745
196 280 352
412 295 183
424 847 937
142 781 428
698 697 29
715 940 513
914 384 795
730 70 822
573 700 147
484 328 198
16 554 120
137 5 813
614 916 314
175 89 758
682 319 576
192 129 970
25 322 402
800 829 506
160 228 638
905 206 463
899 909 133
629 448 1000
173 25 100
121 912 422
733 914 613
566 413 12
843 975 154
572 595 368
766 69 280
889 736 803
753 240 39
718 520 343
245 329 829
911 113 818
745 795 423
359 857 935
934 997 328
28 519 3
955 875 994
916 616 167
972 133 213
704 831 555
784 790 561
889 332 802
613 31 153
279 902 91
121 398 895
800 84 772
949 641 283
135 115 399
525 237 427
684 327 753
376 997 470
195 144 88
846 595 243
223 794 961
285 297 54
3 32 520
605 947 94
795 912 685
241 14 110
542 332 949
641 123 259
783 158 328
637 831 604
391 170 91
265 129 500
427 536 674
436 60 165
18 650 704
259 452 87
214 94 494
52 700 546
145 865 272
732 60 769
760 510 544
32 977 575
677 475 48
77 729 500
86 855 799
483 497 36
7 962 700
192 110 413
755 419 17
17 995 278
518 537 188
394 713 443
962 273 627
29 876 533
938 207 285
788 78 455
275 856 982
137 714 365
123 743 714
331 166 562
794 582 940
894 438 558
517 987 987
853 974 673
69 859 243
577 196 336
724 77 295
802 550 896
966 249 897
126 873 590
694 118 838
753 733 309
480 242 852
41 284 11
944 696 596
221 123 693
872 864 41
482 941 641
777 476 597
785 997 397
358 315 555
387 518 420
19 966 744
509 132 898
125 817 686
121 58 991
106 848 975
848 201 969
50 672 943
434 151 552
458 564 641
660 746 184
194 828 292
652 312 362
281 280 934
250 896 699
867 851 601
819 592 660
144 683 876
417 364 995
797 127 345
255 519 839
294 272 288
335 417 237
667 382 252
837 884 839
71 133 684
403 434 121
453 347 747
337 661 636
413 84 599
691 907 183
628 881 459
559 840 38
647 514 171
226 795 531
285 237 11
499 749 473
831 811 477
343 433 485
292 312 946
310 926 545
298 293 472
900 639 730
973 552 97
58 425 399
60 254 99
429 25 81
415 564 15
125 558 530
89 436 998
709 746 460
983 579 500
379 400 296
88 392 779
254 154 744
587 417 299
307 82 251
47 5 686
683 859 220
607 145 664
478 118 803
641 896 213
871 634 271
468 245 958
543 807 404
124 966 61
502 765 408
154 934 86
438 592 638
992 832 415
195 388 505
287 434 393
61 263 533
580 394 370
370 696 711
118 881 346
433 100 597
287 252 325
2 197 139
557 656 78
446 940 666
387 884 337
221 802 981
782 307 25
5 588 868
597 600 570
720 87 641
453 627 695
971 621 214
536 773 1
867 178 827
173 533 436
401 690 897
253 9 615
91 527 356
718 460 472
713 142 385
832 907 332
158 173 940
839 625 576
538 46 526
264 616 246
507 699 272
905 561 340
82 330 440
859 769 370
269 732 835
882 952 196
386 222 708
904 941 196
541 459 785
224 519 243
662 896 954
995 317 698
215 54 123
53 89 686
838 104 197
395 180 217
929 943 511
583 556 833
364 15 318
797 819 168
637 701 803
736 648 123
492 387 453
557 38 882
762 615 212
303 761 902
530 972 608
842 122 73
737 993 857
599 632 14
741 97 462
240 496 725
785 309 708
151 669 112
397 633 276
244 364 876
512 594 131
591 341 389
80 567 849
197 395 605
994 201 777
756 504 786
497 384 426
120 383 305
792 431 306
605 451 107
534 625 188
759 758 385
981 958 541
49 731 349
651 778 928
188 756 366
5 347 55
855 175 895
827 500 197
291 320 458
112 120 618
816 220 822
178 765 718
839 785 722
570 285 211
930 234 326
902 63 532
981 474 787
50 968 52
524 778 749
200 721 905
601 88 794
389 351 545
382 396 120
514 277 913
757 838 442
252 743 934
65 285 925
435 305 300
398 967 269
734 876 698
97 63 627
644 475 635
560 650 217
864 178 189
207 974 71
66 981 146
65 81 948
763 182 202
639 963 705
262 901 367
53 373 883
181 850 332
492 229 494
300 322 805
835 619 765
877 475 814
917 95 377
732 459 524
2 219 21
440 399 798
313 137 423
93 239 474
658 791 408
699 219 420
717 794 433
125 829 798
829 362 217
46 509 750
213 987 177
540 935 574
740 692 549
12 300 574
838 70 265
185 133 404
276 228 436
333 269 764
666 945 368
450 842 877
267 125 809
197 834 232
237 128 674
964 450 949
161 978 592
762 600 480
619 220 279
500 885 977
319 25 6
356 684 878
331 86 193
916 408 647
487 13 113
870 455 58
280 771 571
123 666 383
978 742 896
128 835 802
594 317 984
728 998 894
654 7 13
483 341 563
929 214 368
515 266 37
608 854 154
769 990 141
471 676 28
134 764 272
728 832 52
69 2 395
745 374 273
753 137 929
862 733 102
733 303 518
922 273 195
961 404 575
303 458 150
68 141 909
655 525 238
286 37 732
523 757 463
490 530 903
728 191 587
799 772 30
339 786 285
908 981 316
630 557 362
819 118 64
475 321 391
78 867 775
109 418 849
821 31 348
502 605 674
228 784 860
691 655 893
406 520 414
274 197 884
286 799 688
689 478 282
700 987 478
567 679 662
742 45 534
770 179 895
93 871 190
8 430 75
162 442 952
59 546 934
169 340 970
46 780 1000
961 534 950
346 388 491
365 733 232
209 600 373
257 997 72
478 951 723
835 471 276
660 153 838
477 970 462
424 123 20
9 540 13
71 890 340
325 319 424
878 135 122
612 417 126
301 539 725
39 851 214
107 885 639
373 204 896
515 769 765
364 434 708
242 436 593
870 217 526
760 118 740
573 393 323
13 756 356
60 976 28
550 932 29
28 551 181
722 432 490
14 638 823
989 157 449
297 296 336
39 291 35
812 355 496
893 460 488
289 140 287
345 335 32
900 492 774
169 640 352
934 211 642
625 663 571
23 901 402
217 602 594
326 631 57
227 653 751
731 211 795
821 392 474
562 115 5
50 80 459
985 65 213
944 845 824
85 357 181
696 848 146
30 20 990
111 238 421
591 535 569
948 666 518
730 133 349
822 565 197
134 309 906
476 428 114
547 601 518
577 233 786
782 777 488
176 84 733
715 243 993
873 518 611
606 506 628
273 188 350
509 818 993
813 126 986
272 855 549
658 365 316
459 920 682
813 242 402
569 760 351
404 792 102
94 560 346
128 671 472
835 584 874
599 943 779
697 194 219
897 519 540
940 330 342
642 86 377
327 815 964
945 905 167
261 663 699
841 430 647
265 755 700
541 484 626
494 300 388
621 69 370
365 356 414
906 585 996
250 325 335
726 609 907
189 979 462
623 127 131
877 250 893
164 675 924
188 322 475
723 350 368
171 261 869
933 84 206
249 551 813
113 209 435
963 742 708
928 682 256
178 465 914
807 186 236
790 123 762
96 531 519
335 123 625
690 46 139
710 340 354
154 297 750
435 389 270
238 543 884
731 348 929
263 156 191
600 347 136
613 137 749
231 503 514
136 283 980
201 304 501
512 475 695
492 57 719
57 794 330
64 779 114
235 332 808
466 29 665
375 759 919
91 491 891
206 83 590
401 606 993
877 710 34
745 553 130
524 679 185
951 751 799
834 903 228
333 3 282
361 877 523
384 906 269
753 889 776
66 914 70
151 20 883
955 414 158
376 380 938
728 134 276
344 443 119
213 749 528
614 543 92
884 455 849
694 562 546
273 698 375
595 68 165
956 716 864
7 240 251
23 759 759
356 778 464
792 833 707
474 938 671
504 724 953
203 979 623
892 87 105
531 53 737
623 101 152
353 898 638
391 838 218
118 923 989
169 541 718
562 267 598
715 831 89
32 192 754
377 682 477
648 761 768
727 791 190
729 66 943
42 780 21
3 240 428
35 727 720
793 956 868
14 437 223
313 518 994
839 813 535
642 360 384
76 983 254
63 144 943
332 251 375
110 319 934
341 776 175
372 87 131
967 30 606
339 599 331
257 770 190
528 138 6
60 724 24
420 47 126
367 490 767
845 163 710
495 697 789
777 952 589
355 174 870
943 994 304
629 147 684
937 758 810
679 265 142
853 536 101
640 774 480
182 311 304
468 924 891
913 400 47
735 612 333
882 82 80
711 940 44
298 291 92
25 185 565
738 863 355
267 656 33
87 712 814
178 186 925
203 685 695
620 500 37
259 808 837
141 621 64
714 365 387
94 404 744
240 296 579
319 516 218
889 601 83
291 776 725
428 602 253
438 707 205
690 106 324
638 792 37
897 603 350
449 656 954
526 589 699
810 445 329
516 52 256
38 577 628
399 456 671
416 246 747
878 260 526
208 687 464
355 759 384
747 847 303
757 824 577
121 527 351
303 744 420
278 504 570
268 56 576
408 300 42
763 134 789
270 687 764
566 938 279
856 83 878
981 603 730
457 394 871
793 501 189
228 797 699
811 517 595
886 946 303
153 612 737
791 483 332
899 76 509
296 770 168
321 742 892
596 707 530
442 216 970
351 123 335
10 816 267
516 427 443
859 949 231
792 356 760
66 882 605
904 214 153
35 674 689
850 847 743
791 363 577
545 781 603
703 356 282
948 948 604
484 38 456
540 226 667
338 580 272
636 372 181
711 695 250
613 28 806
474 995 598
190 619 62
175 449 23
200 105 610
762 245 152
298 515 982
428 434 237
501 438 931
306 970 466
217 750 171
766 140 205
24 228 94
617 714 988
271 689 85
513 831 171
261 788 147
974 383 601
563 876 766
214 74 519
780 724 488
653 456 681
229 773 344
882 988 945
828 785 240
118 243 913
576 746 552
216 107 549
106 923 282
766 543 206
430 520 737
48 866 15
34 931 289
326 154 636
111 887 351
965 172 160
764 190 981
806 494 386
72 856 151
818 602 791
763 96 520
205 811 669
65 767 355
318 674 830
702 610 439
121 671 176
60 547 671
154 402 774
443 652 896
481 738 615
746 790 131
388 237 662
379 231 569
633 795 406
680 623 118
989 261 792
23 391 363
769 794 280
736 590 76
543 263 340
128 61 349
599 472 504
593 98 200
276 740 548
691 893 96
536 460 245
936 123 343
169 805 166
910 615 691
892 791 872
335 133 853
637 981 800
502 665 845
27 1 807
242 281 887
903 958 14
751 144 60
460 603 574
787 81 729
511 35 689
150 232 560
824 912 358
655 115 641
416 2 239
100 892 286
229 278 429
992 806 261
236 857 400
385 825 737
357 226 382
556 608 600
446 983 352
84 319 421
153 283 952
124 917 251
901 530 407
436 151 873
647 798 223
72 986 826
948 973 556
753 236 362
675 529 801
66 365 692
838 120 890
90 157 124
455 100 645
684 123 1
595 428 375
12 831 736
118 439 609
109 748 764
814 464 508
459 429 323
541 878 201
533 218 436
411 252 943
909 866 63
270 47 822
952 247 810
730 741 813
526 22 723
158 342 606
74 404 260
842 497 453
512 119 942
928 774 115
633 253 173
769 772 661
702 647 846
243 437 84
126 932 420
882 652 210
375 260 535
423 838 60
506 924 403
722 161 702
707 629 101
465 956 869
595 475 612
916 895 23
499 183 241
157 23 10
451 883 233
599 59 428
282 611 412
516 339 718
122 108 650
486 794 310
330 147 154
974 996 327
184 481 869
722 573 542
184 258 498
579 493 287
428 637 575
316 93 660
681 530 401
133 274 568
715 199 685
545 646 843
718 873 148
899 926 915
874 994 789
999 705 9
650 352 323
505 127 200
400 945 59
230 547 378
964 253 139
331 961 383
51 707 187
277 95 384
95 449 93
768 174 704
896 292 242
475 46 403
869 22 563
262 856 759
289 904 452
972 584 77
104 698 866
511 197 802
86 546 893
699 258 484
102 34 923
55 983 845
36 369 567
850 188 42
231 81 364
680 4 201
67 695 515
222 317 277
68 952 301
952 907 668
778 78 957
303 413 244
606 358 469
605 989 411
251 770 144
9 350 436
135 868 547
824 271 483
310 904 182
368 788 242
420 800 625
772 913 997
203 393 566
174 215 441
309 641 291
242 830 228
555 708 42
388 509 399
955 808 512
280 257 98
6 791 467
818 875 103
145 834 553
640 815 760
67 868 982
360 321 549
968 29 330
275 447 709
81 500 915
238 615 391
102 403 150
313 631 917
329 564 227
567 981 81
78 901 670
363 120 823
263 688 876
444 795 826
387 775 990
213 932 784
773 222 919
75 353 969
606 294 459
944 916 332
279 156 22
318 396 360
985 428 287
852 816 987
1000 353 190
953 670 274
509 523 608
11 677 768
407 302 371
385 459 831
229 730 796
134 166 438
140 584 950
3 404 134
312 222 306
253 679 793
668 18 979
341 864 838
539 457 533
604 375 712
534 718 952
596 643 782
980 469 335
560 75 671
680 716 34
640 151 433
282 92 860
243 518 364
137 292 678
919 170 474
869 249 129
516 712 279
108 503 971
475 859 446
311 291 14
132 590 45
288 216 236
444 64 98
289 10 223
745 49 178
370 997 431
473 588 953
506 120 976
197 363 866
343 795 203
243 733 902
707 330 387
826 78 468
171 315 348
699 972 272
316 310 34
881 790 419
395 565 660
85 842 905
642 624 431
21 35 723
799 522 559
354 329 521
621 692 165
648 458 126
225 944 210
891 282 398
239 553 799
71 167 671
483 149 507
613 188 941
907 879 371
728 689 399
434 876 78
290 582 590
882 673 86
348 627 322
817 104 547
225 825 860
869 941 663
683 479 543
244 356 554
492 759 613
513 584 407
684 322 508
533 30 421
699 633 243
63 346 257
130 882 764
23 46 320
499 228 161
30 512 707
248 522 964
571 80 167
206 838 990
738 168 872
363 88 230
987 913 884
283 238 387
809 259 104
563 207 925
392 531 672
929 668 527
908 567 904
126 413 779
401 842 230
937 807 446
508 991 741
795 681 162
172 99 54
760 67 505
798 531 423
625 395 844
719 258 928
914 673 211
420 102 961
800 184 5
662 714 204
324 292 386
964 667 580
139 970 128
806 515 578
988 537 477
316 820 185
290 57 793
333 870 951
668 793 277
839 380 884
812 114 621
119 72 69
168 300 915
136 873 472
785 66 598
399 951 745
82 619 902
910 324 822
551 489 630
320 34 98
703 76 390
549 394 756
914 819 566
368 207 269
642 346 393
424 743 766
809 355 676
946 746 128
653 594 899
713 74 718
196 139 822
458 159 622
226 988 930
677 813 713
18 195 98
751 421 144
16 234 39
339 103 221
528 909 495
429 424 989
28 40 338
125 404 10
560 951 798
802 416 15
594 407 331
979 739 560
793 677 121
445 589 31
689 175 914
90 516 658
950 131 609
838 122 723
97 540 69
973 822 643
182 438 834
120 342 480
97 554 290
691 995 732
520 975 628
738 291 290
547 334 723
474 39 208
805 11 308
23 166 143
794 282 366
533 419 589
148 289 803
285 850 15
305 293 841
391 964 280
407 389 322
709 581 568
231 920 178
56 563 24
438 316 769
972 732 201
700 244 939
689 636 856
861 504 49
142 494 692
633 687 804
458 498 937
356 563 63
942 471 852
138 651 352
450 915 760
260 868 427
456 430 26
694 74 508
105 881 802
587 591 549
145 210 940
284 477 315
95 901 504
849 901 507
787 205 1
886 103 592
902 527 501
887 317 689
155 4 877
241 461 751
598 133 651
716 136 666
323 658 819
592 399 569
641 419 478
702 878 95
931 423 535
700 765 19
865 524 15
961 138 478
743 664 570
830 658 57
996 369 609
865 275 834
935 414 777
154 893 597
899 877 68
583 919 557
442 127 838
250 431 971
681 668 56
745 783 881
130 477 933
168 173 82
500 951 622
619 651 561
294 898 983
569 648 219
808 598 696
968 166 480
413 601 837
908 103 909
145 736 567
38 395 785
241 818 157
418 634 316
561 760 528
826 464 547
255 580 129
143 85 215
333 814 552
258 642 109
376 23 640
738 327 549
909 289 118
674 525 381
224 778 688
452 548 426
508 742 215
202 36 610
278 750 245
328 76 472
601 227 347
851 107 291
774 460 484
276 640 348
213 403 939
806 258 130
949 129 234
151 732 97
983 960 690
674 773 548
954 344 411
582 505 291
136 465 154
842 196 437
787 406 646
642 407 904
832 787 664
484 146 55
898 396 645
539 814 575
15 930 396
956 876 913
475 326 583
358 814 616
861 307 660
807 570 246
637 925 966
158 681 590
403 593 818
576 51 226
213 752 827
278 331 171
715 536 414
600 18 742
507 860 952
934 916 151
850 82 183
694 103 883
691 826 32
633 813 90
933 133 731
35 288 373
717 240 261
677 977 549
936 996 355
280 769 15
39 122 338
611 37 753
947 439 61
33 211 533
807 824 290
916 367 61
827 39 164
797 777 614
391 188 404
106 484 911
388 34 236
757 191 690
854 440 309
392 294 460
974 464 905
163 680 554
65 543 764
638 255 372
300 378 650
773 805 252
919 288 983
408 491 637
832 359 246
771 644 401
668 293 99
627 636 19
446 704 859
795 14 332
767 519 168
759 93 401
760 431 258
825 849 187
496 306 950
259 248 663
833 849 208
784 773 138
463 998 425
398 554 727
406 921 462
608 966 175
241 282 127
727 292 840
21 309 273
754 845 931
211 741 995
642 873 647
166 622 950
484 926 254
137 754 723
861 983 788
51 126 102
83 317 501
915 925 211
387 55 593
878 653 880
851 959 342
934 951 399
629 655 149
151 665 810
643 782 327
688 825 922
699 3 703
148 383 323
519 108 277
960 664 679
758 160 270
968 713 260
692 101 1
550 548 263
830 185 732
411 463 805
566 429 544
262 710 344
490 622 667
68 167 156
588 225 797
813 774 376
972 733 670
485 28 499
896 660 341
835 970 843
999 130 933
582 280 161
258 865 437
168 72 833
249 13 493
793 774 609
981 100 506
441 802 101
592 484 640
755 482 976
762 301 837
699 745 666
117 497 23
811 9 17
301 547 459
989 698 669
176 87 946
923 266 40
901 443 270
96 435 439
111 30 442
327 470 921
320 608 90
672 745 290
803 773 612
759 489 293
355 721 897
436 710 620
449 454 578
768 836 601
914 916 511
273 66 727
689 20 664
817 802 990
751 364 88
183 530 220
607 466 910
396 204 346
757 936 331
130 920 643
31 351 788
801 471 920
20 118 469
346 951 773
439 309 760
708 783 272
785 837 609
843 572 624
166 836 12
235 611 974
201 476 896
953 589 456
101 542 644
597 253 945
349 530 334
151 848 205
3 526 605
923 350 67
216 307 504
938 500 293
596 428 720
488 965 329
27 309 418
296 615 631
12 66 577
26 983 712
862 499 430
106 840 143
222 596 437
654 442 35
64 508 726
111 133 273
762 389 918
763 711 350
161 433 439
794 746 983
553 930 965
685 689 910
323 824 2
189 569 258
365 611 555
421 973 694
750 871 545
663 488 245
554 930 437
293 757 485
673 697 212
504 934 106
575 332 540
40 499 229
65 430 550
120 258 530
767 31 264
895 222 13
566 756 92
271 442 786
648 284 174
947 73 602
953 633 409
461 824 62
838 241 895
688 30 886
709 72 123
605 297 768
225 835 447
450 565 930
690 387 985
417 929 626
776 86 61
307 582 926
699 956 260
888 772 766
993 943 812
720 511 155
311 616 121
622 684 652
373 796 191
258 73 384
68 228 710
208 949 825
611 634 367
263 900 72
178 346 535
599 621 143
575 887 118
854 461 913
479 215 157
894 82 942
518 449 42
112 147 512
575 529 637
595 135 19
747 897 313
83 88 492
716 361 84
767 606 336
865 136 331
386 450 841
155 520 418
779 443 866
446 85 83
424 939 917
617 944 903
17 771 818
350 941 501
309 35 473
537 623 160
643 759 970
781 473 380
906 937 603
578 376 832
860 343 133
253 77 281
610 59 123
56 438 493
621 964 271
271 168 721
690 989 797
603 495 140
509 874 538
998 929 89
908 726 427
538 403 418
892 739 641
639 424 878
910 459 886
985 758 495
407 1 274
74 980 124
611 59 16
71 691 950
786 149 569
496 227 112
970 8 552
991 697 487
392 148 189
984 353 533
690 598 9
249 524 352
862 467 724
543 544 434
276 52 665
439 249 808
18 127 360
367 933 326
756 114 541
345 569 627
955 171 604
520 444 639
878 61 577
767 208 484
77 660 407
880 122 708
886 421 202
432 443 524
999 630 881
269 468 128
485 840 404
862 190 785
512 968 875
931 364 547
97 883 486
981 832 800
443 300 407
920 391 52
876 867 512
607 119 252
647 694 753
718 255 824
784 758 408
652 529 146
934 844 262
283 485 705
172 812 429
91 492 911
712 768 712
208 590 26
895 913 382
21 299 66
734 803 614
594 264 702
224 238 516
204 381 475
946 530 400
789 570 667
391 362 95
828 375 667
916 264 731
589 407 371
100 325 973
397 373 425
961 243 171
290 723 620
540 924 425
878 98 299
960 552 271
705 163 959
847 353 477
96 891 933
341 987 257
277 576 480
470 611 15
542 420 944
201 272 458
4 301 879
647 334 76
524 475 735
511 14 771
5 349 245
846 898 411
93 607 343
205 108 804
218 370 348
949 871 971
33 130 395
502 509 31
741 147 60
189 150 440
996 437 139
193 266 970
578 182 27
445 535 718
295 952 448
198 900 310
46 32 189
827 763 57
725 176 162
554 550 517
945 967 418
567 231 715
690 37 446
879 390 228
308 483 939
542 811 297
794 263 276
965 959 117
975 590 648
766 923 1
766 862 427
777 79 438
580 289 440
523 53 439
919 619 254
452 772 574
690 70 195
147 679 473
679 727 93
520 374 75
213 440 210
353 559 841
354 853 425
702 512 394
149 766 457
755 915 258
800 171 312
72 40 579
775 920 132
290 308 383
755 324 688
582 469 164
456 634 27
540 334 193
356 296 872
549 407 434
944 722 416
896 105 728
766 289 239
225 914 874
957 503 754
230 425 559
247 4 740
794 779 349
244 45 793
774 350 756
961 998 242
952 643 744
96 12 687
622 263 992
76 133 284
609 540 884
620 681 721
205 804 96
130 490 198
991 243 795
638 889 847
157 940 326
471 735 890
761 516 857
874 830 833
839 6 422
992 258 320
100 167 485
788 134 90
499 189 365
266 967 199
403 178 83
755 794 268
522 929 797
792 878 75
598 682 646
350 627 739
771 952 213
274 252 674
169 217 617
391 217 362
758 428 850
35 724 171
27 307 150
448 388 118
966 148 107
644 587 400
697 144 40
850 49 724
34 856 917
661 400 317
624 609 55
606 976 114
749 513 513
870 544 336
570 153 72
100 262 592
490 395 527
779 182 665
314 152 240
56 52 933
264 698 426
78 601 830
764 778 249
212 404 741
642 995 799
630 42 794
150 330 785
942 208 531
740 79 7
932 21 108
101 619 219
104 759 757
69 965 965
77 379 240
680 888 302
354 808 471
341 16 687
946 72 805
175 73 59
536 143 155
164 384 63
435 970 347
681 279 254
365 25 38
147 250 431
759 98 833
777 547 119
415 361 471
120 330 628
311 899 285
2 163 174
150 887 963
319 556 365
651 996 535
941 298 692
962 657 873
362 442 652
554 385 964
18 286 609
734 972 390
0
