10
1 2 1
1 3 3
1 4 4
1 10 2
4 5 6
4 6 7
4 7 8
5 6 9
7 8 10
7 9 11
7 10 3
8 9 12
0
20
1 2 1
1 3 3
1 4 4
1 10 2
4 5 6
4 6 7
4 7 8
5 6 9
7 8 10
7 9 11
7 10 3
8 9 12
11 12 1
11 13 3
11 14 4
11 20 2
14 15 6
14 16 7
14 17 8
15 16 9
17 18 10
17 19 11
17 20 3
18 19 12
0
30
1 2 1
1 3 3
1 4 4
1 10 2
4 5 6
4 6 7
4 7 8
5 6 9
7 8 10
7 9 11
7 10 3
8 9 12
11 12 1
11 13 3
11 14 4
11 20 2
14 15 6
14 16 7
14 17 8
15 16 9
17 18 10
17 19 11
17 20 3
18 19 12
21 22 1
21 23 3
21 24 4
21 30 2
24 25 6
24 26 7
24 27 8
25 26 9
27 28 10
27 29 11
27 30 3
28 29 12
0
13
1 2 1
1 3 3
1 4 4
1 10 2
4 5 6
4 6 7
4 7 8
5 6 9
7 8 10
7 9 11
7 10 3
8 9 12
11 12 5
11 13 4
12 13 1
0
17
1 2 1
1 3 3
1 4 4
1 10 2
4 5 6
4 6 7
4 7 8
5 6 9
7 8 10
7 9 11
7 10 3
8 9 12
11 12 5
11 13 4
12 13 1
14 15 20
14 16 1
15 16 2
16 17 1
0
6
1 2 1
2 3 1
3 4 1
5 6 1
0
10
1 2 1
2 3 2
2 7 3
3 4 5
3 8 4
4 5 6
4 9 7
5 6 8
5 10 9
0
